FashionMNIST,relu,0,loss,0.3984499704639117,0.28365486054122446,0.2463776140421629,0.21814464932978153,0.19651808412323396
FashionMNIST,relu,0,accuracy,0.8614,0.8982,0.9118,0.92065,0.9281167
FashionMNIST,relu,0,val_loss,0.34686563727855685,0.31741742659807204,0.30310696951150895,0.3015461014807224,0.2959445353150368
FashionMNIST,relu,0,val_accuracy,0.8756,0.8881,0.8928,0.8944,0.8987
FashionMNIST,sigmoid,0,loss,1.0491581714232763,0.5974010717789332,0.5254176431059837,0.47505016551415125,0.4245643252849579
FashionMNIST,sigmoid,0,accuracy,0.68881667,0.79745,0.81965,0.8364,0.85076666
FashionMNIST,sigmoid,0,val_loss,0.8225464430332183,0.5369656878232956,0.6173114459037781,0.522398008298874,0.4597571504354477
FashionMNIST,sigmoid,0,val_accuracy,0.7395,0.8222,0.7942,0.8264,0.8332
FashionMNIST,tanh,0,loss,0.500821711508433,0.4344760712921619,0.42079741446177166,0.4082176755487919,0.39804968234499294
FashionMNIST,tanh,0,accuracy,0.82738334,0.84785,0.8531833,0.85751665,0.86018336
FashionMNIST,tanh,0,val_loss,0.48399453997612,0.46324957213401796,0.45542805960178373,0.46536159317493436,0.47043862204551695
FashionMNIST,tanh,0,val_accuracy,0.8301,0.8339,0.8413,0.8379,0.8382
FashionMNIST,linear,0,loss,0.5035806988636653,0.4365243941028913,0.42353795716762543,0.4115185995856921,0.40543740514914195
FashionMNIST,linear,0,accuracy,0.82591665,0.8491333,0.85245,0.85751665,0.8567
FashionMNIST,linear,0,val_loss,0.4928664439201355,0.4708758027791977,0.46678788559436796,0.4729868563652039,0.4900661428451538
FashionMNIST,linear,0,val_accuracy,0.8292,0.8364,0.8339,0.8364,0.829
FashionMNIST,elu,0,loss,0.49894724200963975,0.43169428787231445,0.41133959310452145,0.39475205673774083,0.382674483748277
FashionMNIST,elu,0,accuracy,0.82625,0.8495,0.8565,0.86205,0.8651
FashionMNIST,elu,0,val_loss,0.48777970261573794,0.4819317820549011,0.4636940245628357,0.45602482600212096,0.44459932663440704
FashionMNIST,elu,0,val_accuracy,0.8314,0.8249,0.8346,0.8358,0.8438
FashionMNIST,exponential,0,loss,1.418610488108794,0.6869135147174199,0.5902960948149363,0.4840444391568502,0.4378453098654747
FashionMNIST,exponential,0,accuracy,0.69215,0.7930833,0.8128,0.8347333,0.8474
FashionMNIST,exponential,0,val_loss,0.9767097905635834,0.6991634017705918,0.6210383788585663,0.46864432723522187,0.4579628712892532
FashionMNIST,exponential,0,val_accuracy,0.7304,0.7833,0.8111,0.8437,0.8391
CNN_MNIST,relu,0,loss,0.12057764761596917,0.035582013425479335,0.02099452642550071,0.014277963788000246,0.010262852889547746,0.007900391965708695,0.006314704662675892,0.005773194297377874,0.005267497944512676,0.005301520906813433
CNN_MNIST,relu,0,accuracy,0.9634333,0.9889333,0.99293333,0.99541664,0.99696666,0.9974,0.9979333,0.9982167,0.9984,0.9982167
CNN_MNIST,relu,0,val_loss,0.03834512327434495,0.041921058300323784,0.027508725717756897,0.03228967164318601,0.03698480409701151,0.04484319639531894,0.04110800229039614,0.04130747944900643,0.0498916258511781,0.05954652338869055
CNN_MNIST,relu,0,val_accuracy,0.9874,0.9864,0.9908,0.9896,0.9881,0.989,0.9904,0.9904,0.9889,0.9872
CNN_MNIST,sigmoid,0,loss,2.3533216309865317,2.307729185358683,2.307699595896403,2.307200312805176,2.3077951919555666,2.3078097654978436,2.3081809721628823,2.3081042922973634,2.3085329329172772,2.3079026991526286
CNN_MNIST,sigmoid,0,accuracy,0.103533335,0.10598333,0.10388333,0.10385,0.10406667,0.105233334,0.10631666,0.104383335,0.10355,0.1033
CNN_MNIST,sigmoid,0,val_loss,2.305160703277588,2.31108544921875,2.305626084136963,2.303624137878418,2.3087317581176756,2.3052386322021485,2.3143386768341063,2.3074979614257813,2.3110837879180908,2.3114177848815918
CNN_MNIST,sigmoid,0,val_accuracy,0.098,0.1028,0.1135,0.1032,0.098,0.1028,0.0958,0.0958,0.1135,0.098
CNN_MNIST,tanh,0,loss,0.23454910341501237,0.13808468270301819,0.12947627936999004,0.12546919914484023,0.11258827420075734,0.10714884430567423,0.10335155821641286,0.09578149647712708,0.08767598598003387,0.08186029844681422
CNN_MNIST,tanh,0,accuracy,0.9321,0.96028334,0.9619167,0.96276665,0.96578336,0.96788335,0.96828336,0.97038335,0.97325,0.9743
CNN_MNIST,tanh,0,val_loss,0.15185035314559936,0.1337774747610092,0.12844917665421962,0.1275569835320115,0.1069216258853674,0.11853100579380989,0.10330187563300133,0.11225319980829954,0.10106316409409047,0.09451578765958547
CNN_MNIST,tanh,0,val_accuracy,0.9556,0.9609,0.9615,0.9598,0.9673,0.9622,0.9665,0.9651,0.968,0.9704
CNN_MNIST,linear,0,loss,0.3888632162094116,0.32103118356068927,0.30800568842887877,0.3006271258354187,0.29520468265215555,0.2927192720095317,0.2900461374123891,0.28804949391682944,0.2841936857461929,0.283691593615214
CNN_MNIST,linear,0,accuracy,0.88845,0.90945,0.91345,0.91675,0.91683334,0.918,0.9183,0.91933334,0.92003334,0.91983336
CNN_MNIST,linear,0,val_loss,0.30886777906417845,0.3072209208369255,0.3127049010515213,0.3103545699834824,0.30108156952857973,0.29914196746349336,0.2960479678630829,0.29459537477493286,0.30449882428646086,0.29681006816625594
CNN_MNIST,linear,0,val_accuracy,0.9144,0.919,0.9167,0.9119,0.9183,0.9151,0.9175,0.9135,0.9123,0.9192
CNN_MNIST,elu,0,loss,0.22219641799132028,0.0848420557598273,0.05486086247265339,0.039417049529651804,0.02749819958359003,0.025874192985271414,0.02280213084475448,0.019231622961186804,0.017860227596526966,0.02448175228049513
CNN_MNIST,elu,0,accuracy,0.93485,0.97395,0.98291665,0.9874667,0.99126667,0.9913333,0.99315,0.9939,0.99425,0.99271667
CNN_MNIST,elu,0,val_loss,0.1037933391392231,0.07753651556894184,0.07522344821840525,0.07731954469243064,0.10134018110792385,0.1115360389833062,0.108209036326129,0.14163995479787264,0.1349734711218624,0.14660741635076938
CNN_MNIST,elu,0,val_accuracy,0.968,0.9746,0.977,0.9791,0.9782,0.9762,0.9785,0.9759,0.9772,0.976
CNN_MNIST,exponential,0,loss,nan,nan,nan,nan,nan,nan,nan,nan,nan,nan
CNN_MNIST,exponential,0,accuracy,0.098733336,0.09871667,0.09871667,0.09871667,0.09871667,0.09871667,0.09871667,0.09871667,0.09871667,0.09871667
CNN_MNIST,exponential,0,val_loss,nan,nan,nan,nan,nan,nan,nan,nan,nan,nan
CNN_MNIST,exponential,0,val_accuracy,0.098,0.098,0.098,0.098,0.098,0.098,0.098,0.098,0.098,0.098
CIFAR,relu,0,loss,3.0876178894042967,1.3930760427856446,1.2189759285354613,1.0948920656967163,1.0241878320503235,0.9390656043624878,0.8745715240478515,0.8184133099365234,0.7497203831291199,0.6889982559204102,0.6426584213256836,0.6021480727767944
CIFAR,relu,0,accuracy,0.33396,0.50272,0.57118,0.61674,0.64094,0.67326,0.69506,0.71426,0.73692,0.76122,0.77446,0.78912
CIFAR,relu,0,val_loss,1.4924591850280762,1.2889778270721435,1.200362936782837,1.164598812866211,1.1016339347839355,1.054803740501404,1.1315324657440184,1.0436006099700927,1.0035255250930786,1.0144458972930908,1.012960360622406,1.0690106927871703
CIFAR,relu,0,val_accuracy,0.4647,0.5426,0.5813,0.5886,0.6254,0.6359,0.6211,0.65,0.669,0.6686,0.6742,0.6705
CIFAR,sigmoid,0,loss,1.9216289391326904,1.5351107929229737,1.3663742429351806,1.252967124710083,1.1512950881576538,1.0745686807632446,1.0154215973091125,0.9743263386917115,0.9151112561416626,0.8788733316040039,0.8461493250846863,0.8028625722312928
CIFAR,sigmoid,0,accuracy,0.28032,0.44048,0.50612,0.55084,0.58894,0.61926,0.63926,0.65668,0.67892,0.69246,0.70482,0.71776
CIFAR,sigmoid,0,val_loss,1.6363166862487792,1.4151491510391236,1.3419384229660034,1.3384196954727172,1.1392195045471192,1.091344909286499,1.0860476989746093,1.014120782470703,0.9711494417190552,0.9474689179420471,0.8902004090309144,0.9093007446289062
CIFAR,sigmoid,0,val_accuracy,0.4038,0.4845,0.5156,0.5239,0.5927,0.6127,0.6158,0.6415,0.6571,0.6712,0.6892,0.6785
CIFAR,tanh,0,loss,1.6051417243194581,1.1624674422454835,0.9967532335281372,0.8823817850112915,0.7905530664253235,0.7214390824890137,0.6445959580993652,0.5866674577713012,0.5246676292037964,0.4744763592529297,0.4365636384963989,0.3784094536781311
CIFAR,tanh,0,accuracy,0.4187,0.59038,0.65114,0.6915,0.7241,0.74908,0.77576,0.79692,0.8192,0.8364,0.84786,0.87064
CIFAR,tanh,0,val_loss,1.286581531906128,1.1595486751556396,1.0172727716445922,0.9748454615592956,1.0766223165512085,0.9873344305038452,1.0014850090026854,0.942387757396698,0.9279042972564697,0.9777796043395997,1.0118838367462157,1.0030293937683106
CIFAR,tanh,0,val_accuracy,0.5423,0.585,0.6462,0.6609,0.6342,0.66,0.6602,0.6834,0.6912,0.679,0.6798,0.6826
CIFAR,linear,0,loss,14.280105522079468,2.122313158416748,1.5574470169448853,1.282346979904175,1.1398960191726684,1.0258535020637511,0.9490057414627076,0.9003634781265258,0.8358237394332886,0.7923137188529968,0.7459679586601258,0.7223425974845886
CIFAR,linear,0,accuracy,0.3347,0.4697,0.53814,0.59058,0.62342,0.65602,0.68014,0.69268,0.71456,0.73012,0.74296,0.75094
CIFAR,linear,0,val_loss,2.9025519750595095,2.0332184423446655,1.6765357652664186,1.480976756668091,1.437007638168335,1.365014669418335,1.3526501663208008,1.2932475860595702,1.2997319999694825,1.34122280960083,1.3585402526855468,1.3431325050354004
CIFAR,linear,0,val_accuracy,0.3919,0.4643,0.5014,0.5393,0.551,0.5661,0.564,0.5866,0.5892,0.5839,0.5864,0.6029
CIFAR,elu,0,loss,2.9871563097381593,1.4014970974349976,1.2254580974578857,1.0942817335510253,1.0062028186798095,0.9187458123397827,0.8321414222335816,0.7612667180633544,0.6884217563247681,0.6105808603858948,0.5583492984199524,0.5028725786972046
CIFAR,elu,0,accuracy,0.32306,0.49496,0.56308,0.61354,0.64688,0.67738,0.71082,0.73348,0.7594,0.78804,0.80494,0.8235
CIFAR,elu,0,val_loss,1.5406220449447632,1.308369095802307,1.2570541414260865,1.0856093311309813,1.0380044834136963,1.0116726897239685,1.0013328938484192,0.9619361325263978,0.9847008533477783,0.9484747788906097,0.9929671728134155,1.020454268836975
CIFAR,elu,0,val_accuracy,0.4335,0.5306,0.5567,0.614,0.6338,0.6471,0.6593,0.6767,0.674,0.6922,0.6869,0.6825
CIFAR,exponential,0,loss,2.3236860032653808,2.311644800415039,2.3125602294158933,2.313555910797119,2.3125653331756593,2.312579545211792,2.311968700256348,2.311797970123291,2.3134844577789306,2.3128398803710937,2.3143410494232177,2.3116386302185057
CIFAR,exponential,0,accuracy,0.10014,0.1011,0.09958,0.10078,0.09832,0.10018,0.10062,0.09918,0.10062,0.1011,0.10298,0.10064
CIFAR,exponential,0,val_loss,2.305574785614014,2.314973767089844,2.3093418045043945,2.313560492324829,2.307055619430542,2.311194298553467,2.311225616836548,2.3082001472473146,2.320969815826416,2.3083904586791992,2.3245809509277344,2.3117030624389647
CIFAR,exponential,0,val_accuracy,0.1,0.1,0.1,0.1,0.1,0.1,0.1,0.1,0.1,0.1,0.1,0.1
FashionMNIST,relu,1,loss,0.39483911063273747,0.2833852803726991,0.24853614451686543,0.22317951727807522,0.20025402404566606
FashionMNIST,relu,1,accuracy,0.8610167,0.89915,0.91003335,0.91873336,0.9281333
FashionMNIST,relu,1,val_loss,0.3399304633617401,0.31370704587697984,0.3030501018047333,0.2958165853977203,0.29791142355203626
FashionMNIST,relu,1,val_accuracy,0.8761,0.888,0.8958,0.8979,0.9008
FashionMNIST,sigmoid,1,loss,1.0232542819420496,0.6002112080256145,0.5223073612292608,0.46308546810944873,0.42406254752477013
FashionMNIST,sigmoid,1,accuracy,0.6929333,0.7991833,0.81918335,0.8399,0.85081667
FashionMNIST,sigmoid,1,val_loss,0.7366084698200226,0.5110122006654739,0.5918450795173645,0.548745207118988,0.42969425523281096
FashionMNIST,sigmoid,1,val_accuracy,0.7451,0.8193,0.7906,0.8177,0.8491
FashionMNIST,tanh,1,loss,0.5005035191456477,0.4370776093006134,0.4226392516851425,0.4131943319817384,0.4042956222653389
FashionMNIST,tanh,1,accuracy,0.82643336,0.84968334,0.8528,0.85685,0.8585333
FashionMNIST,tanh,1,val_loss,0.4788647292137146,0.4945774385213852,0.46536590123176574,0.4616829921245575,0.4674948376655579
FashionMNIST,tanh,1,val_accuracy,0.8354,0.8282,0.8349,0.8383,0.8388
FashionMNIST,linear,1,loss,0.5018425888180733,0.4365527325709661,0.4227060432116191,0.4127868280788263,0.4059767549037933
FashionMNIST,linear,1,accuracy,0.8257833,0.8490667,0.85151666,0.85611665,0.85788333
FashionMNIST,linear,1,val_loss,0.4894673179626465,0.46519836947917936,0.46532923173904417,0.46266035614013673,0.4621024512529373
FashionMNIST,linear,1,val_accuracy,0.8263,0.8381,0.838,0.8369,0.8356
FashionMNIST,elu,1,loss,0.49836915788650515,0.43347344872554144,0.4157891988734404,0.40409261046350003,0.39196469562848407
FashionMNIST,elu,1,accuracy,0.82601666,0.84893334,0.8537833,0.8584667,0.86265
FashionMNIST,elu,1,val_loss,0.4675853048801422,0.4717097494602203,0.46199651651382445,0.46028926920890806,0.4507761456489563
FashionMNIST,elu,1,val_accuracy,0.8384,0.8326,0.8381,0.8383,0.8411
FashionMNIST,exponential,1,loss,1.509796326939265,0.7462621998707454,0.5694792918483417,0.48946906975507737,0.4422450747648875
FashionMNIST,exponential,1,accuracy,0.68628335,0.7867,0.8186333,0.83695,0.84828335
FashionMNIST,exponential,1,val_loss,0.7342063459396362,0.7439688291549683,0.6036991023540497,0.4547877797603607,0.44595774636268615
FashionMNIST,exponential,1,val_accuracy,0.7755,0.7597,0.8102,0.8438,0.8469
CNN_MNIST,relu,1,loss,0.11571065239310264,0.0348145322183768,0.020286268131807447,0.013158655668112139,0.008437788581103086,0.007799501123322019,0.007782864985543226,0.005405646786581686,0.004138043929859244,0.004735195889876316
CNN_MNIST,relu,1,accuracy,0.96435,0.98931664,0.99343336,0.9957333,0.9972,0.99728334,0.99733335,0.99813336,0.99871665,0.9985333
CNN_MNIST,relu,1,val_loss,0.04412711905110627,0.028948893909482284,0.04497788886623457,0.03411759657502989,0.0328909601914218,0.03597979371871061,0.035871320202510104,0.035139906833736315,0.044989831335507914,0.043695769643178936
CNN_MNIST,relu,1,val_accuracy,0.9855,0.9889,0.9867,0.9895,0.9907,0.9911,0.9889,0.9915,0.9897,0.9898
CNN_MNIST,sigmoid,1,loss,2.374091837692261,2.3072476187388102,2.3074996041615803,2.3085058155059817,2.308493610509237,2.308084580485026,2.3078307565053304,2.3092635241190593,2.308647687403361,2.308934973526001
CNN_MNIST,sigmoid,1,accuracy,0.10445,0.10408334,0.10355,0.10375,0.10318334,0.10563333,0.10378333,0.10465,0.10396667,0.104266666
CNN_MNIST,sigmoid,1,val_loss,2.3052659805297853,2.3057584281921386,2.308214734649658,2.3090800289154054,2.302905490875244,2.306941678619385,2.3093702838897707,2.30649621963501,2.30996319732666,2.306597681427002
CNN_MNIST,sigmoid,1,val_accuracy,0.1009,0.101,0.1135,0.0982,0.1135,0.101,0.098,0.1028,0.1028,0.1028
CNN_MNIST,tanh,1,loss,0.23903154775301616,0.12389863886038463,0.102675872083505,0.08975109165906905,0.07829387694994609,0.07001748313705126,0.06241267198324203,0.05607108958562215,0.05453052675127983,0.052104197943210605
CNN_MNIST,tanh,1,accuracy,0.9307333,0.9644167,0.97068334,0.97323334,0.9767,0.9781333,0.9805167,0.98293334,0.9829,0.98391664
CNN_MNIST,tanh,1,val_loss,0.13482751191854478,0.11918511772751808,0.11149029004573822,0.10912588482052088,0.08867561510205269,0.0896980318263173,0.0868955440312624,0.08376316148936748,0.08271485388055444,0.08974739078879357
CNN_MNIST,tanh,1,val_accuracy,0.9622,0.9659,0.9681,0.9661,0.9735,0.9723,0.9739,0.9741,0.9751,0.9746
CNN_MNIST,linear,1,loss,0.3923269628683726,0.31972836213111877,0.31059234703381855,0.3032020147959391,0.2982206968148549,0.29442040031751,0.29133063192367553,0.28725995216369626,0.2848406747500102,0.2840539994080861
CNN_MNIST,linear,1,accuracy,0.88706666,0.9109167,0.9126667,0.9144167,0.91583335,0.91756666,0.91786665,0.91868335,0.92,0.9205667
CNN_MNIST,linear,1,val_loss,0.32767873275279996,0.31420798375606535,0.31294825162887574,0.30358323273658755,0.3139123100042343,0.30520715131759646,0.30158935046195984,0.2958935835599899,0.29664991887807846,0.28990705335140227
CNN_MNIST,linear,1,val_accuracy,0.9059,0.9085,0.9165,0.9143,0.9113,0.9155,0.9158,0.9174,0.9198,0.9195
CNN_MNIST,elu,1,loss,0.22964675727685294,0.08486555417378744,0.05171440285245577,0.03494261940593521,0.02954079263061285,0.024691846031943958,0.02303521524971972,0.016308533846773207,0.01619028474218212,0.01871362870663094
CNN_MNIST,elu,1,accuracy,0.9321167,0.97396666,0.9837833,0.98825,0.99015,0.9920667,0.9925,0.9948,0.99486667,0.99453336
CNN_MNIST,elu,1,val_loss,0.11310085534192622,0.07083316094754263,0.08013258249377832,0.09464334786821856,0.10547552277047799,0.1080778304838328,0.08833242999930153,0.10718982243268983,0.13417492671925457,0.1135604785049014
CNN_MNIST,elu,1,val_accuracy,0.9669,0.9792,0.9768,0.9758,0.974,0.9779,0.979,0.978,0.9738,0.9778
CNN_MNIST,exponential,1,loss,nan,nan,nan,nan,nan,nan,nan,nan,nan,nan
CNN_MNIST,exponential,1,accuracy,0.098566666,0.09871667,0.09871667,0.09871667,0.09871667,0.09871667,0.09871667,0.09871667,0.09871667,0.09871667
CNN_MNIST,exponential,1,val_loss,nan,nan,nan,nan,nan,nan,nan,nan,nan,nan
CNN_MNIST,exponential,1,val_accuracy,0.098,0.098,0.098,0.098,0.098,0.098,0.098,0.098,0.098,0.098
CIFAR,relu,1,loss,4.580822865600586,1.4334284725952149,1.2859943926620483,1.1624928447341918,1.0790475697135926,0.9909972406768799,0.9348801483345032,0.8744740499687195,0.8122653590774536,0.7666506496810913,0.7233020381164551,0.6728211563301086
CIFAR,relu,1,accuracy,0.31446,0.48738,0.54624,0.5901,0.62198,0.65474,0.67188,0.6952,0.71672,0.73156,0.74726,0.76712
CIFAR,relu,1,val_loss,1.5556184787750245,1.4007006717681885,1.2842222816467286,1.3275665157318115,1.1005723510742187,1.0803498849868773,1.101920295906067,1.1248024389266968,1.0121216989517212,1.092096725845337,1.0262643756866454,0.9877354706764221
CIFAR,relu,1,val_accuracy,0.4312,0.5009,0.5437,0.529,0.6147,0.6213,0.6233,0.6136,0.6543,0.6349,0.6556,0.6783
CIFAR,sigmoid,1,loss,1.9465825732040405,1.5829219479751586,1.4164360454940796,1.2934198863220214,1.1903719936943054,1.1117602642822266,1.0400101549911498,0.9988857278060913,0.9387927102851867,0.9074916442871094,0.8478107997131348,0.8332734976196289
CIFAR,sigmoid,1,accuracy,0.27406,0.42114,0.4888,0.53586,0.57704,0.60736,0.63358,0.65066,0.67028,0.68238,0.70636,0.70816
CIFAR,sigmoid,1,val_loss,1.6458743392944335,1.4947829011917115,1.3706165317535401,1.338230757522583,1.1812303970336915,1.173674877357483,1.032686668395996,0.9917293911933899,0.956455577659607,0.9348247148513794,0.9315875001907349,0.9070735036849975
CIFAR,sigmoid,1,val_accuracy,0.3934,0.4493,0.5035,0.512,0.5765,0.5842,0.6363,0.6507,0.6655,0.6715,0.6711,0.6814
CIFAR,tanh,1,loss,1.7116324905014038,1.2543810037231444,1.0857471324539185,0.9649340378189087,0.8743980360603333,0.806076523475647,0.7455887243652344,0.6717873420715332,0.6166213675117492,0.5648943812942505,0.5179217282867432,0.47999763463974
CIFAR,tanh,1,accuracy,0.37916,0.5533,0.61672,0.66226,0.69124,0.71788,0.73936,0.76492,0.78496,0.80506,0.82008,0.83418
CIFAR,tanh,1,val_loss,1.3491832080841064,1.1885817106246948,1.1005545376777648,1.0202301866531371,0.9890452083587646,1.0540275875091554,0.9527954342842102,0.975253576374054,0.9814096189498901,1.0032161325454712,1.022740008354187,1.0772588932037352
CIFAR,tanh,1,val_accuracy,0.5067,0.5727,0.607,0.6447,0.6504,0.6359,0.6686,0.6642,0.6686,0.6712,0.6672,0.6564
CIFAR,linear,1,loss,23.198027268066408,2.3933081982803346,1.7229629250335694,1.4183329871368409,1.240035867919922,1.1072225761795045,1.0487589669036865,0.9596026150894165,0.9009090697860718,0.8456212659072876,0.8186979690933227,0.7835909744262696
CIFAR,linear,1,accuracy,0.31568,0.452,0.51948,0.56454,0.59962,0.63426,0.64896,0.67454,0.6928,0.7122,0.72262,0.73438
CIFAR,linear,1,val_loss,3.1026561040878295,2.2094647998809815,1.7899115308761597,1.6682316054344177,1.488853335571289,1.421085689353943,1.4283350387573241,1.338276327419281,1.3336280185699463,1.345125938987732,1.3103685680389405,1.3113052101135254
CIFAR,linear,1,val_accuracy,0.4006,0.4596,0.4877,0.508,0.5423,0.5505,0.5513,0.5806,0.5783,0.5815,0.5894,0.5878
CIFAR,elu,1,loss,4.648841053695679,1.381972084121704,1.2393693411636353,1.113737066230774,1.030466856994629,0.9514867385482788,0.8805892075347901,0.8041218795967102,0.747745869884491,0.6726206864547729,0.6177765839576721,0.5807088967132569
CIFAR,elu,1,accuracy,0.34306,0.50452,0.55874,0.6067,0.64098,0.66734,0.6917,0.72042,0.74,0.76596,0.78346,0.79756
CIFAR,elu,1,val_loss,1.5948731838226318,1.3640546621322631,1.2243209629058838,1.1325575119018554,1.092902623939514,1.0235423444747924,1.0258000071525575,1.040037578010559,0.9491014599800109,1.0172469463348388,1.0101662706375123,1.0031800951957703
CIFAR,elu,1,val_accuracy,0.4326,0.5088,0.5666,0.6022,0.6183,0.6428,0.6494,0.6457,0.6798,0.6667,0.6776,0.6869
CIFAR,exponential,1,loss,2.3256507366943358,2.31134366897583,2.312292974777222,2.315823403625488,2.312685989227295,2.311430263824463,2.314213041534424,2.311508192138672,2.3157768268585204,2.310497633666992,2.313200163421631,2.312437420730591
CIFAR,exponential,1,accuracy,0.10208,0.10034,0.09998,0.10056,0.09736,0.0986,0.0994,0.10002,0.09974,0.09858,0.09792,0.10054
CIFAR,exponential,1,val_loss,2.3131079780578614,2.311215138244629,2.3159691581726074,2.3215343524932863,2.311170023345947,2.3219385078430177,2.3086779415130616,2.313600531387329,2.3229802101135255,2.3169665008544924,2.3100595531463624,2.311178929901123
CIFAR,exponential,1,val_accuracy,0.1,0.1,0.1,0.1,0.1,0.1,0.1,0.1,0.1,0.1,0.1,0.1
FashionMNIST,relu,2,loss,0.4006214553594589,0.2844248340010643,0.24685673746069273,0.2204951373765866,0.19815866694053014
FashionMNIST,relu,2,accuracy,0.85838336,0.89875,0.9115,0.9205,0.9279
FashionMNIST,relu,2,val_loss,0.3569252927303314,0.31117641459703443,0.30056275399923327,0.29116107573509215,0.28731908605098727
FashionMNIST,relu,2,val_accuracy,0.8687,0.8861,0.8924,0.8983,0.9003
FashionMNIST,sigmoid,2,loss,1.0665229212999343,0.6106798151930173,0.5212994416395823,0.4644690243045489,0.42169078433116275
FashionMNIST,sigmoid,2,accuracy,0.6904167,0.7966833,0.8205,0.83793336,0.8523167
FashionMNIST,sigmoid,2,val_loss,0.6116002795696258,0.6233731644868851,0.5102392707109451,0.42617387919425964,0.6241085486888885
FashionMNIST,sigmoid,2,val_accuracy,0.789,0.7936,0.8206,0.8525,0.7867
FashionMNIST,tanh,2,loss,0.5014901175737381,0.4374980923612912,0.42065108290115993,0.409808339313666,0.4046663716952006
FashionMNIST,tanh,2,accuracy,0.82631665,0.8483667,0.8531833,0.8576,0.8582
FashionMNIST,tanh,2,val_loss,0.46765287036895753,0.46622683918476104,0.471870236825943,0.4773298586845398,0.4732288945674896
FashionMNIST,tanh,2,val_accuracy,0.8369,0.8349,0.8339,0.8306,0.8334
FashionMNIST,linear,2,loss,0.5036158307711284,0.4377291802008947,0.42192014143069584,0.41240624957084654,0.40469347600142164
FashionMNIST,linear,2,accuracy,0.8264667,0.84893334,0.8530833,0.8562667,0.85826665
FashionMNIST,linear,2,val_loss,0.5039405284404754,0.46334296147823334,0.4857191920757294,0.46793213887214663,0.46451776275634765
FashionMNIST,linear,2,val_accuracy,0.8235,0.8366,0.8286,0.8389,0.835
FashionMNIST,elu,2,loss,0.5010553027133147,0.4343704144239426,0.4183740287860235,0.4029624170382818,0.39475851326783495
FashionMNIST,elu,2,accuracy,0.8275,0.8494833,0.85648334,0.8587,0.86121666
FashionMNIST,elu,2,val_loss,0.46493000190258027,0.4716337678909302,0.46005417428016665,0.4545228040456772,0.46148078994750974
FashionMNIST,elu,2,val_accuracy,0.8354,0.8339,0.8364,0.8394,0.8363
FashionMNIST,exponential,2,loss,1.4544928143898646,0.7218352145870527,0.5821403072396915,0.49649451579650244,0.44287431555191675
FashionMNIST,exponential,2,accuracy,0.6925667,0.78746665,0.8142,0.83205,0.8466667
FashionMNIST,exponential,2,val_loss,0.9148204145431519,0.6788753629207611,0.7524684815406799,0.503712437415123,0.43341064108610156
FashionMNIST,exponential,2,val_accuracy,0.7485,0.7791,0.7734,0.8296,0.8511
CNN_MNIST,relu,2,loss,0.11928263881107172,0.034536739567170543,0.018812901559347908,0.012538773008218656,0.010192425983651386,0.007794510720134712,0.006358968992443988,0.007000718213763321,0.005148982785247305,0.0033790531931697236
CNN_MNIST,relu,2,accuracy,0.96235,0.98895,0.9941667,0.99593335,0.9964333,0.99761665,0.9975,0.99761665,0.9983,0.9988
CNN_MNIST,relu,2,val_loss,0.04003494961913675,0.036319675401085987,0.0411135763628874,0.027145239838166163,0.03329752753440407,0.03619722175078277,0.053108891458834115,0.043465636139101295,0.036501201146757374,0.045602793726878664
CNN_MNIST,relu,2,val_accuracy,0.9875,0.987,0.9873,0.991,0.9904,0.9901,0.9883,0.9895,0.9898,0.9902
CNN_MNIST,sigmoid,2,loss,2.3745008825937908,2.308047032292684,2.3079686656951903,2.3077156792958577,2.307866493988037,2.3086908550262453,2.308800261179606,2.308093418757121,2.308197593943278,2.307420189412435
CNN_MNIST,sigmoid,2,accuracy,0.102183335,0.10485,0.103766665,0.1044,0.10423333,0.10405,0.105733335,0.1034,0.10385,0.1057
CNN_MNIST,sigmoid,2,val_loss,2.3127434425354005,2.306525482940674,2.3085383911132813,2.3041982719421386,2.3048212295532227,2.308476843261719,2.3057876205444336,2.3066098869323732,2.308454344558716,2.3044944679260255
CNN_MNIST,sigmoid,2,val_accuracy,0.0958,0.0958,0.0982,0.1135,0.1135,0.1028,0.1135,0.1135,0.1028,0.1028
CNN_MNIST,tanh,2,loss,0.23592267385721208,0.13288972814480463,0.11446780191262564,0.10476229974428812,0.10209629839261374,0.09733709024190902,0.08602099017500878,0.079406051248312,0.07479604849219322,0.06873374801476796
CNN_MNIST,tanh,2,accuracy,0.93378335,0.96148336,0.96646667,0.96853334,0.9690833,0.96968335,0.9734,0.97506666,0.97651666,0.9787
CNN_MNIST,tanh,2,val_loss,0.14072393745481968,0.12687610393166543,0.1166727419257164,0.10707067866921424,0.10191887578368188,0.10290709077119828,0.08660496031492948,0.09691296267211437,0.08074377904087306,0.07953400411307812
CNN_MNIST,tanh,2,val_accuracy,0.9603,0.965,0.9688,0.9678,0.9699,0.9674,0.9733,0.97,0.9753,0.9767
CNN_MNIST,linear,2,loss,0.401131335067749,0.31939627141952515,0.30777033756573996,0.30064361817042035,0.2972669668594996,0.29107938607533773,0.28871993385156,0.286395601717631,0.28556735252539317,0.28373943366209664
CNN_MNIST,linear,2,accuracy,0.88948333,0.9105167,0.9133667,0.91541666,0.91715,0.9181833,0.91868335,0.9194833,0.9187,0.9206
CNN_MNIST,linear,2,val_loss,0.31429463341236114,0.3025962905645371,0.313024450302124,0.2967658058404922,0.29093872754573824,0.2959113277792931,0.31771676855087283,0.3021514087438583,0.29167395267486573,0.28675678453445436
CNN_MNIST,linear,2,val_accuracy,0.9094,0.9102,0.9137,0.914,0.9205,0.9185,0.9115,0.9189,0.9204,0.9193
CNN_MNIST,elu,2,loss,0.23231876726945241,0.0840427224934101,0.05285310861567656,0.03840956011017164,0.026684342809269825,0.01764877871911352,0.02250830910615623,0.016644619539938867,0.01854766270588928,0.014256436153373216
CNN_MNIST,elu,2,accuracy,0.93196666,0.97436666,0.9832,0.9877333,0.99081665,0.9949,0.9931333,0.99465,0.9945167,0.9957
CNN_MNIST,elu,2,val_loss,0.11627785692512989,0.08108594889342785,0.08293687909692526,0.07360040390212089,0.07259511113942135,0.08085096668968327,0.10967092167260126,0.10091584292187472,0.09199047077363356,0.1135262793041209
CNN_MNIST,elu,2,val_accuracy,0.9642,0.976,0.9759,0.9777,0.9814,0.982,0.9759,0.9797,0.9821,0.9791
CNN_MNIST,exponential,2,loss,nan,nan,nan,nan,nan,nan,nan,nan,nan,nan
CNN_MNIST,exponential,2,accuracy,0.09871667,0.09871667,0.09871667,0.09871667,0.09871667,0.09871667,0.09871667,0.09871667,0.09871667,0.09871667
CNN_MNIST,exponential,2,val_loss,nan,nan,nan,nan,nan,nan,nan,nan,nan,nan
CNN_MNIST,exponential,2,val_accuracy,0.098,0.098,0.098,0.098,0.098,0.098,0.098,0.098,0.098,0.098
CIFAR,relu,2,loss,3.1970016049957275,1.3972291814422608,1.2256196287155152,1.1256213098526,1.0244754641723632,0.9455407781600952,0.8810438072204589,0.8277962992668152,0.7782811796379089,0.7313346911621094,0.6740721095085144,0.6346537469482422
CIFAR,relu,2,accuracy,0.34152,0.50334,0.56618,0.6049,0.64236,0.67156,0.69408,0.71366,0.73048,0.7462,0.76606,0.77826
CIFAR,relu,2,val_loss,1.4870057174682618,1.3716628858566284,1.2218709648132324,1.1583330095291138,1.1048586927413941,1.0683620470046997,1.0793391075134278,1.03938236618042,1.0375327054977417,0.9823552843093872,1.0063635640144348,0.9823309637069703
CIFAR,relu,2,val_accuracy,0.465,0.5175,0.5693,0.5935,0.6141,0.6336,0.6283,0.6479,0.6559,0.6729,0.6715,0.6852
CIFAR,sigmoid,2,loss,1.9190290953826905,1.5080498368835449,1.3332203505706788,1.217402093963623,1.124619280014038,1.0507661289978028,0.9943177053833008,0.9414573626708984,0.8947840739631653,0.8574955257034301,0.8259084619140625,0.7923332827949524
CIFAR,sigmoid,2,accuracy,0.28626,0.4511,0.5184,0.56606,0.60126,0.63158,0.65004,0.6681,0.68662,0.69934,0.71282,0.72426
CIFAR,sigmoid,2,val_loss,1.658404249382019,1.3968833534240723,1.2585786613464356,1.1643310783386231,1.144204302406311,1.0676495338439942,1.0003822003364562,0.9877099656105042,0.9450023365974426,0.8913970180511475,0.8996707191467285,0.8793909982681274
CIFAR,sigmoid,2,val_accuracy,0.3841,0.4927,0.5515,0.59,0.5946,0.6257,0.6504,0.6498,0.6654,0.6868,0.6864,0.6873
CIFAR,tanh,2,loss,1.5571727820587158,1.1447386618423463,0.9819416914749145,0.8612144354248047,0.7781244993209839,0.7099290513801575,0.6394860910987854,0.58798347366333,0.5201822675132751,0.4754618141365051,0.4189576328849792,0.36645729219436646
CIFAR,tanh,2,accuracy,0.44302,0.59536,0.65338,0.70022,0.73,0.75166,0.77756,0.7965,0.82022,0.83568,0.85596,0.87518
CIFAR,tanh,2,val_loss,1.3114852962493897,1.0558265789031982,1.0639057473182678,1.0797837224960327,0.958648264503479,0.9105227592468261,0.9354934771537781,1.0065602703094483,0.979365718460083,1.0226892412185669,1.0185547901153564,1.007924137687683
CIFAR,tanh,2,val_accuracy,0.5316,0.6299,0.626,0.6316,0.6727,0.6881,0.6834,0.6766,0.6849,0.6771,0.6817,0.6922
CIFAR,linear,2,loss,19.28312830680847,2.209576203613281,1.6114916527557372,1.3478609741973877,1.1824572583770752,1.0730773041152954,0.987740378074646,0.9296392255401611,0.8794425927734375,0.8266575490188599,0.7859943463516236,0.7537585571479798
CIFAR,linear,2,accuracy,0.3198,0.45712,0.52698,0.57448,0.61424,0.64048,0.66666,0.68568,0.70078,0.71822,0.73204,0.74102
CIFAR,linear,2,val_loss,2.8046517278671264,2.0658611656188963,1.6894709253311158,1.5948928723335265,1.4243431629180907,1.4243111278533935,1.3812636417388917,1.4725144720077514,1.348348092842102,1.3928584566116333,1.3522736368179322,1.3359228225708009
CIFAR,linear,2,val_accuracy,0.4039,0.4596,0.5022,0.5184,0.5504,0.5491,0.551,0.5493,0.5745,0.5763,0.5838,0.595
CIFAR,elu,2,loss,3.506317430534363,1.3709753058624268,1.2016654555892945,1.092265115814209,1.0151308616638184,0.9350588528442383,0.8653941754531861,0.7901277035713196,0.738763397026062,0.6810133411979675,0.6238221599960327,0.5690793210411071
CIFAR,elu,2,accuracy,0.32646,0.51048,0.5745,0.61586,0.64292,0.67256,0.69748,0.72212,0.7413,0.76254,0.78392,0.80096
CIFAR,elu,2,val_loss,1.4976633163452149,1.2468324886322022,1.1707546895980836,1.117664716720581,1.066402900505066,1.0238327896118165,0.9690521359443665,1.0631708606719972,0.9664371402740478,1.0257921752929688,0.9907753645896912,1.0036214939117432
CIFAR,elu,2,val_accuracy,0.4617,0.5625,0.5842,0.606,0.6258,0.6513,0.6619,0.64,0.675,0.6642,0.6745,0.68
CIFAR,exponential,2,loss,2.320851820755005,2.312963974990845,2.3123161696624757,2.312992590942383,2.312164334716797,2.3119909226226807,2.311272116012573,2.31392108505249,2.312712665023804,2.3129731678771974,2.3101996492004395,2.312412981414795
CIFAR,exponential,2,accuracy,0.09942,0.09928,0.10048,0.1004,0.0985,0.0987,0.09828,0.09794,0.09914,0.09904,0.10098,0.1009
CIFAR,exponential,2,val_loss,2.317035202789307,2.3062788932800293,2.3117731384277342,2.311322325897217,2.3085822982788087,2.3080433128356934,2.319043556976318,2.313349671173096,2.3131446075439452,2.3092868324279787,2.3082167304992676,2.3141215087890625
CIFAR,exponential,2,val_accuracy,0.1,0.1,0.1,0.1,0.1,0.1,0.1,0.1,0.1,0.1,0.1,0.1
FashionMNIST,relu,3,loss,0.40024119333028796,0.28360281757315,0.24708605025410652,0.21879541518737872,0.1976683924774329
FashionMNIST,relu,3,accuracy,0.85875,0.89931667,0.91078335,0.92153335,0.92861664
FashionMNIST,relu,3,val_loss,0.34280445626974104,0.31103739981651307,0.31263708605766294,0.29963784198760984,0.30101226488351823
FashionMNIST,relu,3,val_accuracy,0.8753,0.889,0.8879,0.8928,0.8937
FashionMNIST,sigmoid,3,loss,1.0506430827776592,0.5999933936476708,0.515178550585111,0.46269957445462545,0.4254384268740813
FashionMNIST,sigmoid,3,accuracy,0.6910167,0.79755,0.8229167,0.8394833,0.8491667
FashionMNIST,sigmoid,3,val_loss,0.7640594116687774,0.6205218188285828,0.45717585666179655,0.501485142660141,0.44420879011154174
FashionMNIST,sigmoid,3,val_accuracy,0.7587,0.7926,0.8417,0.8169,0.8487
FashionMNIST,tanh,3,loss,0.5042271929502488,0.4364971791982651,0.4212700532873472,0.4123561626116435,0.40585655426184336
FashionMNIST,tanh,3,accuracy,0.82663333,0.84935,0.85315,0.85571665,0.8576667
FashionMNIST,tanh,3,val_loss,0.50767755112648,0.4791533471107483,0.4632279752254486,0.4665545431613922,0.46765126886367797
FashionMNIST,tanh,3,val_accuracy,0.8177,0.8329,0.8385,0.8395,0.8353
FashionMNIST,linear,3,loss,0.5021237775842349,0.43899583739439646,0.42332097026904425,0.41190235241452855,0.40657754080692926
FashionMNIST,linear,3,accuracy,0.82663333,0.84888333,0.85316664,0.8561,0.8576
FashionMNIST,linear,3,val_loss,0.4909968152999878,0.4853644115924835,0.47948044905662535,0.4685745289325714,0.4975686212062836
FashionMNIST,linear,3,val_accuracy,0.8219,0.8305,0.8313,0.8337,0.8254
FashionMNIST,elu,3,loss,0.5039344769875208,0.4357803898533185,0.4177645476142565,0.40515192019542057,0.39886134001016615
FashionMNIST,elu,3,accuracy,0.8260667,0.84746665,0.8544667,0.8588167,0.8599333
FashionMNIST,elu,3,val_loss,0.4745136916399002,0.4787612888336182,0.4581035064697266,0.461030828666687,0.45549963755607603
FashionMNIST,elu,3,val_accuracy,0.8329,0.8319,0.8381,0.8341,0.8398
FashionMNIST,exponential,3,loss,1.4728454174796741,0.7137434235215188,0.5741638972043991,0.48532236250241595,0.43890822856028877
FashionMNIST,exponential,3,accuracy,0.6903833,0.79,0.81455,0.83466667,0.84818333
FashionMNIST,exponential,3,val_loss,1.0434377407550812,0.5561707263231277,0.5490364364862442,0.6335813514709473,0.43923910707235336
FashionMNIST,exponential,3,val_accuracy,0.7667,0.8206,0.8163,0.7933,0.8427
CNN_MNIST,relu,3,loss,0.13166856747070949,0.03602574265052875,0.02022587136949102,0.01468789092162624,0.008735377652477474,0.009568037762795575,0.006734705609282052,0.006541176019110329,0.004757352800366061,0.004457539707678613
CNN_MNIST,relu,3,accuracy,0.9601667,0.98903334,0.99341667,0.9948,0.9974167,0.9967,0.99773335,0.9979,0.9985333,0.99868333
CNN_MNIST,relu,3,val_loss,0.0443372986794915,0.0371640820402652,0.03300760753485374,0.03291772762321634,0.033689651540195334,0.036244571252720195,0.035588336421910206,0.03715211928562735,0.04152904349481628,0.04285620545154415
CNN_MNIST,relu,3,val_accuracy,0.9851,0.9894,0.9889,0.9895,0.9899,0.9896,0.9897,0.9906,0.9895,0.9901
CNN_MNIST,sigmoid,3,loss,2.435336419804891,2.3075954725901284,2.3073655961354573,2.3078701751708985,2.3080919689178465,2.30712690671285,2.3090354100545247,2.307746067682902,2.3080486377716065,2.3091922170003256
CNN_MNIST,sigmoid,3,accuracy,0.10525,0.10311667,0.10565,0.10453334,0.10345,0.10418333,0.10481667,0.10391667,0.10553333,0.10101666
CNN_MNIST,sigmoid,3,val_loss,2.305577983093262,2.3047818603515626,2.3066617149353026,2.307591589355469,2.3047501220703124,2.304581449890137,2.3086791641235354,2.3048573997497557,2.3052010032653807,2.3045608379364015
CNN_MNIST,sigmoid,3,val_accuracy,0.0974,0.1135,0.1028,0.1135,0.1032,0.098,0.0982,0.101,0.101,0.1135
CNN_MNIST,tanh,3,loss,0.23395957162380218,0.1323602673768997,0.11714986258347829,0.1076624421685934,0.0988304861664772,0.09786523642341297,0.08993587901592255,0.08649041619698207,0.0817035616795222,0.07617414513230324
CNN_MNIST,tanh,3,accuracy,0.9321,0.96175,0.96545,0.9684167,0.9701667,0.97048336,0.9724,0.97365,0.97431666,0.97611666
CNN_MNIST,tanh,3,val_loss,0.1429500895023346,0.11933217386603355,0.11285778043866157,0.10788577246069908,0.11728146854639053,0.09859893034249544,0.09284291119575501,0.10107014581859111,0.09708254290223121,0.1025633234873414
CNN_MNIST,tanh,3,val_accuracy,0.9596,0.9635,0.9672,0.9687,0.9628,0.9693,0.9712,0.969,0.9706,0.9695
CNN_MNIST,linear,3,loss,0.3964320041179657,0.3201206465880076,0.30916381772359214,0.3028230410099029,0.2965623439868291,0.2897712196032206,0.29015481305122376,0.2874046120961507,0.2848655731519063,0.2829140825033188
CNN_MNIST,linear,3,accuracy,0.8886667,0.90928334,0.9130167,0.91601664,0.917,0.9186,0.9184667,0.9186,0.91983336,0.9205
CNN_MNIST,linear,3,val_loss,0.34696156480312346,0.30434468524456026,0.33449272632598875,0.29699368195533754,0.2992805514097214,0.298791459441185,0.297946022605896,0.3036473774313927,0.30335888221263885,0.30052151670455934
CNN_MNIST,linear,3,val_accuracy,0.8995,0.9149,0.9034,0.9192,0.919,0.9177,0.9168,0.9198,0.9139,0.9153
CNN_MNIST,elu,3,loss,0.22658775290648142,0.08559647261202336,0.05486394971211751,0.0388003961071372,0.02950347933061421,0.02331714969072491,0.021233888511173426,0.022137450973526575,0.015710835175879765,0.016532190671982243
CNN_MNIST,elu,3,accuracy,0.93435,0.97435,0.98261666,0.98758334,0.99006665,0.9923667,0.99345,0.9932,0.99506664,0.9949
CNN_MNIST,elu,3,val_loss,0.09876020799651741,0.07594505733344704,0.07567005691397935,0.08679832866082433,0.09454637084334536,0.11857888607678906,0.11307304119305772,0.12908538930026117,0.1330041808019516,0.12930784926938668
CNN_MNIST,elu,3,val_accuracy,0.9698,0.9781,0.9776,0.977,0.9769,0.9767,0.9773,0.9789,0.9766,0.9777
CNN_MNIST,exponential,3,loss,nan,nan,nan,nan,nan,nan,nan,nan,nan,nan
CNN_MNIST,exponential,3,accuracy,0.09858333,0.09871667,0.09871667,0.09871667,0.09871667,0.09871667,0.09871667,0.09871667,0.09871667,0.09871667
CNN_MNIST,exponential,3,val_loss,nan,nan,nan,nan,nan,nan,nan,nan,nan,nan
CNN_MNIST,exponential,3,val_accuracy,0.098,0.098,0.098,0.098,0.098,0.098,0.098,0.098,0.098,0.098
CIFAR,relu,3,loss,3.187802415084839,1.3572141494369507,1.1912829251861572,1.078505817337036,0.9882651635742188,0.9123371922492981,0.8509403289413452,0.7824262947463989,0.7258336757087708,0.6695266939163208,0.6301394678115845,0.5759290342140198
CIFAR,relu,3,accuracy,0.34308,0.5133,0.57812,0.6197,0.6524,0.68002,0.703,0.72784,0.74574,0.76624,0.78048,0.7967
CIFAR,relu,3,val_loss,1.451908317375183,1.2798353889465333,1.1562385372161865,1.1303326314926148,1.0555023761749267,1.022281171989441,1.008134890651703,0.996945482826233,0.9992844150543213,1.0160980007171632,1.0164519132614136,1.0871108494758606
CIFAR,relu,3,val_accuracy,0.4752,0.5443,0.5878,0.6026,0.6353,0.6428,0.6538,0.6616,0.6677,0.6622,0.6692,0.6618
CIFAR,sigmoid,3,loss,1.921407061767578,1.5556330080413818,1.3700033223342896,1.2356233874893188,1.1434165056610108,1.0704378825187684,1.008553726272583,0.9447040680694581,0.8982685220718384,0.8599642039299011,0.8130494820594788,0.7891930747795105
CIFAR,sigmoid,3,accuracy,0.28056,0.43038,0.50248,0.55396,0.5932,0.61954,0.64312,0.66776,0.68794,0.6994,0.71748,0.7248
CIFAR,sigmoid,3,val_loss,1.6353063354492188,1.4334323783874512,1.3208721591949464,1.2134004573822021,1.1193711507797242,1.0523814527511597,1.0208605977058411,1.004664852619171,0.9266678199768067,0.9001353070259094,0.9113517374038697,0.9379782872200012
CIFAR,sigmoid,3,val_accuracy,0.3949,0.4684,0.5123,0.5656,0.5973,0.6295,0.6423,0.6456,0.6748,0.686,0.6805,0.6728
CIFAR,tanh,3,loss,1.6276831253814696,1.1932282797241212,1.0177761707878112,0.9043381441116333,0.8128157152938843,0.7300083160591125,0.6647411168289185,0.6154567479038239,0.5582404186058044,0.49929390222549436,0.4453949112510681,0.41251051412582396
CIFAR,tanh,3,accuracy,0.4103,0.57902,0.64324,0.68472,0.7171,0.7458,0.76712,0.78608,0.8067,0.82748,0.84768,0.85728
CIFAR,tanh,3,val_loss,1.5725043647766113,1.1293644077301026,1.0735729900360107,0.9697726551055909,0.9610280223846436,0.9286625118255615,0.9228336265563964,0.9305506984710693,0.9068066066741943,0.9240669883728028,0.9330849473953247,0.9786991339683533
CIFAR,tanh,3,val_accuracy,0.4658,0.6037,0.6174,0.6639,0.6677,0.6763,0.6871,0.6824,0.6975,0.6992,0.7007,0.6869
CIFAR,linear,3,loss,17.9417488911438,2.1573338802337645,1.5884629200363158,1.3032404843139649,1.1305083560943603,1.0434794695091247,0.9497470042610169,0.8968513669204712,0.8406889442634583,0.7919407418823242,0.7559468588638306,0.7231011339950562
CIFAR,linear,3,accuracy,0.33502,0.47294,0.535,0.58396,0.62468,0.65032,0.6777,0.6954,0.7127,0.72678,0.74296,0.75354
CIFAR,linear,3,val_loss,2.9142251586914063,2.115089096069336,1.6900711853027344,1.521196413421631,1.3960550838470458,1.3387387798309327,1.3245268432617188,1.3752307201385499,1.3035154792785644,1.3818458139419556,1.3414467308044433,1.340863920021057
CIFAR,linear,3,val_accuracy,0.4207,0.4715,0.5029,0.5378,0.5647,0.5667,0.5773,0.5621,0.5878,0.5745,0.5838,0.5995
CIFAR,elu,3,loss,3.4060043497467043,1.3189105730438233,1.1304097583007813,1.0144633738327027,0.9198023673248291,0.8215536029815674,0.7517677246284485,0.6710464312744141,0.6155147570419311,0.5481027021980286,0.4840988088321686,0.4181206730937958
CIFAR,elu,3,accuracy,0.34482,0.52824,0.60026,0.64256,0.67944,0.71142,0.73764,0.76482,0.78612,0.8082,0.83038,0.854
CIFAR,elu,3,val_loss,1.4603568489074708,1.2202858789443969,1.2457649394989014,1.050131624031067,1.037130234527588,0.9492283723831176,0.97098840675354,0.9449132318496705,0.998454241657257,0.9572754741668701,0.970254133605957,1.0257254098892212
CIFAR,elu,3,val_accuracy,0.4755,0.5692,0.5512,0.6309,0.6393,0.672,0.6726,0.6905,0.682,0.698,0.7006,0.6928
CIFAR,exponential,3,loss,2.3303520347595215,2.311795222702026,2.3137757872009277,2.3120120294189452,2.3121596771240234,2.312729624557495,2.3133701084899903,2.311691524581909,2.313089673843384,2.3135136012268065,2.3125392430114746,2.312485042037964
CIFAR,exponential,3,accuracy,0.09976,0.10094,0.0974,0.09978,0.10076,0.10166,0.09858,0.0986,0.10062,0.10084,0.10064,0.09922
CIFAR,exponential,3,val_loss,2.3070429695129393,2.3112078369140625,2.309561140060425,2.3095183509826662,2.318025567626953,2.3055402751922607,2.3081712173461915,2.3090745586395265,2.3108569168090822,2.326528813171387,2.315892781829834,2.311960121536255
CIFAR,exponential,3,val_accuracy,0.1,0.1,0.1,0.1,0.1,0.1,0.1,0.1,0.1,0.1,0.1,0.1
FashionMNIST,relu,4,loss,0.40564351293842,0.2847808050672213,0.24601627882122992,0.2167522344380617,0.19365375024924675
FashionMNIST,relu,4,accuracy,0.85641664,0.89776665,0.91186666,0.92205,0.93091667
FashionMNIST,relu,4,val_loss,0.3376326077699661,0.32692775949239733,0.29560252232551576,0.2920863939285278,0.28779362593889235
FashionMNIST,relu,4,val_accuracy,0.8836,0.8818,0.8939,0.8983,0.8975
FashionMNIST,sigmoid,4,loss,1.022481973894437,0.6036170875390371,0.5267637319922447,0.46757982670466103,0.42725753287474316
FashionMNIST,sigmoid,4,accuracy,0.692,0.79765,0.8171167,0.8377333,0.84901667
FashionMNIST,sigmoid,4,val_loss,0.651743555021286,0.5579043345451355,0.5874335489034652,0.4815745530605316,0.4267410797715187
FashionMNIST,sigmoid,4,val_accuracy,0.7821,0.8034,0.7959,0.8293,0.854
FashionMNIST,tanh,4,loss,0.5040443513353665,0.4377901921312014,0.4215262232780457,0.4131993182460467,0.4056958820382754
FashionMNIST,tanh,4,accuracy,0.82628334,0.8477333,0.85366666,0.8549167,0.8581333
FashionMNIST,tanh,4,val_loss,0.5053607465267181,0.4744160173892975,0.4715496932029724,0.47486188564300535,0.45925460629463194
FashionMNIST,tanh,4,val_accuracy,0.8257,0.8325,0.836,0.8312,0.8433
FashionMNIST,linear,4,loss,0.5035999277591705,0.4380402302960555,0.42221953949133556,0.4134231122811635,0.40719804461399717
FashionMNIST,linear,4,accuracy,0.82448334,0.8473667,0.8535,0.8551,0.8566667
FashionMNIST,linear,4,val_loss,0.4712252303600311,0.46761397919654846,0.4701702864170074,0.4702402893304825,0.47981674184799195
FashionMNIST,linear,4,val_accuracy,0.8335,0.8377,0.8348,0.8359,0.8357
FashionMNIST,elu,4,loss,0.500486441663901,0.4356381332834562,0.4183841453790665,0.4077209034482638,0.39840809753338496
FashionMNIST,elu,4,accuracy,0.82676667,0.84798336,0.85375,0.85831666,0.8610833
FashionMNIST,elu,4,val_loss,0.48616970913410185,0.47507690739631653,0.4674312194824219,0.47882917046546936,0.4615045805931091
FashionMNIST,elu,4,val_accuracy,0.8313,0.8376,0.8326,0.834,0.8388
FashionMNIST,exponential,4,loss,1.4891218425472577,0.7302975428819657,0.5984484701871872,0.5088484938899676,0.4561497636795044
FashionMNIST,exponential,4,accuracy,0.68975,0.7841167,0.81121665,0.8297667,0.84323335
FashionMNIST,exponential,4,val_loss,0.7880371255159379,0.6344471441268921,0.507039550447464,0.6176227652072906,0.5453004224300384
FashionMNIST,exponential,4,val_accuracy,0.7728,0.7996,0.8281,0.8009,0.8169
CNN_MNIST,relu,4,loss,0.12484463850955169,0.03417537839810054,0.020367945802460114,0.013399120907423397,0.01019925937827987,0.007403534324630164,0.006165777445398271,0.0053207289401441815,0.0036838196741232725,0.005346025722290748
CNN_MNIST,relu,4,accuracy,0.9628,0.9897,0.9936,0.9956167,0.99658334,0.9975333,0.998,0.99826664,0.9987,0.9982833
CNN_MNIST,relu,4,val_loss,0.03912785429060459,0.030530906695558222,0.03005743081336841,0.03885558266681619,0.03808424062041959,0.0445808850639889,0.04824100877720048,0.045134130828621985,0.04348091846661264,0.04495199953516567
CNN_MNIST,relu,4,val_accuracy,0.9864,0.9891,0.9905,0.9884,0.9896,0.9888,0.9889,0.9899,0.9905,0.9894
CNN_MNIST,sigmoid,4,loss,2.389106551996867,2.307026401011149,2.306718613052368,2.3078252248128255,2.307841889190674,2.308274454243978,2.3092362692515054,2.307364885965983,2.307555392328898,2.3080751079559327
CNN_MNIST,sigmoid,4,accuracy,0.10538334,0.103766665,0.10481667,0.10406667,0.103083335,0.10158333,0.10463333,0.10611667,0.10298333,0.105
CNN_MNIST,sigmoid,4,val_loss,2.3047841094970702,2.3092618473052977,2.3061020751953123,2.30933444442749,2.3037152976989748,2.31037963142395,2.3070180450439453,2.302850077819824,2.306023434829712,2.3033282386779783
CNN_MNIST,sigmoid,4,val_accuracy,0.0958,0.1135,0.1135,0.1009,0.1135,0.1135,0.1135,0.1028,0.1028,0.101
CNN_MNIST,tanh,4,loss,0.23291167799631754,0.11951855848232905,0.09739310057560603,0.08416315460999807,0.07239911930163702,0.07029813899596532,0.06623625182112058,0.05778825087944667,0.04945501027057568,0.04637162217199802
CNN_MNIST,tanh,4,accuracy,0.93338335,0.9661,0.9718,0.97515,0.97898334,0.9788,0.9795833,0.98251665,0.9848,0.98595
CNN_MNIST,tanh,4,val_loss,0.13511601572036744,0.1182923525929451,0.09375458913445472,0.09747896481752395,0.09681068073064089,0.09506382979899645,0.090062043569237,0.08578853685334324,0.08784967245571315,0.08534993922710418
CNN_MNIST,tanh,4,val_accuracy,0.9605,0.9667,0.972,0.9705,0.9696,0.9706,0.9727,0.973,0.9734,0.9761
CNN_MNIST,linear,4,loss,0.38148487180074053,0.32200032658576966,0.3078753969192505,0.3014694756348928,0.2980195858478546,0.2896932854493459,0.2877496602614721,0.2858489432811737,0.28349935522079467,0.28137208331425984
CNN_MNIST,linear,4,accuracy,0.8908333,0.90875,0.91275,0.91588336,0.9163,0.9191667,0.91833335,0.9201,0.92053336,0.9199333
CNN_MNIST,linear,4,val_loss,0.32968608247041703,0.30409434509277344,0.3197812041044235,0.2946122995376587,0.3115901483297348,0.2943977578997612,0.2901680475115776,0.3037369529724121,0.3027686466574669,0.3094915300607681
CNN_MNIST,linear,4,val_accuracy,0.9064,0.9108,0.9115,0.9178,0.9138,0.9186,0.9193,0.9165,0.9156,0.9158
CNN_MNIST,elu,4,loss,0.21556704409718513,0.08451094480554262,0.0539022090797623,0.03469068443005284,0.02906122279030581,0.023267229043506085,0.02025733956337596,0.0206237199309282,0.012330515042570187,0.02064619401583914
CNN_MNIST,elu,4,accuracy,0.93665,0.97395,0.983,0.98828334,0.9906167,0.9924833,0.9935833,0.99368334,0.9962,0.99385
CNN_MNIST,elu,4,val_loss,0.11288239818401635,0.09495251308865846,0.08477972824387252,0.08627724290788173,0.08174511538818478,0.1012974621295929,0.11440208904999108,0.10883829987324098,0.1038040049455798,0.12013504217117661
CNN_MNIST,elu,4,val_accuracy,0.9654,0.9722,0.9759,0.9764,0.9789,0.9753,0.9776,0.9789,0.9811,0.9775
CNN_MNIST,exponential,4,loss,nan,nan,nan,nan,nan,nan,nan,nan,nan,nan
CNN_MNIST,exponential,4,accuracy,0.098683335,0.09871667,0.09871667,0.09871667,0.09871667,0.09871667,0.09871667,0.09871667,0.09871667,0.09871667
CNN_MNIST,exponential,4,val_loss,nan,nan,nan,nan,nan,nan,nan,nan,nan,nan
CNN_MNIST,exponential,4,val_accuracy,0.098,0.098,0.098,0.098,0.098,0.098,0.098,0.098,0.098,0.098
CIFAR,relu,4,loss,3.031633639450073,1.3888588735198975,1.2333982297515869,1.1260341483688354,1.027260284690857,0.9420891663742066,0.878356362285614,0.8032812452697754,0.753782219543457,0.7009166756820678,0.6443348003005982,0.5898215385532379
CIFAR,relu,4,accuracy,0.34366,0.50612,0.56584,0.6045,0.63888,0.66942,0.69528,0.71978,0.73586,0.75698,0.77304,0.79472
CIFAR,relu,4,val_loss,1.5166039064407348,1.3118381649017334,1.2556102416992188,1.128838639640808,1.136052310180664,1.1151499566078187,1.0483837563514709,1.0139279951095581,1.0204878540039062,1.0264907193183899,1.068064988708496,1.055557067012787
CIFAR,relu,4,val_accuracy,0.4521,0.531,0.563,0.6006,0.6075,0.6149,0.6407,0.6606,0.6662,0.6638,0.66,0.6749
CIFAR,sigmoid,4,loss,1.985875609664917,1.564162566757202,1.37168161277771,1.234350723953247,1.1449785158157348,1.0897280809020997,1.0217580877494812,0.9681660531997681,0.9349305505371094,0.9048813906860351,0.8633826592826843,0.831016220741272
CIFAR,sigmoid,4,accuracy,0.25836,0.42992,0.50782,0.5596,0.59298,0.61532,0.63804,0.65936,0.67196,0.68266,0.69832,0.7113
CIFAR,sigmoid,4,val_loss,1.661409846305847,1.5042913312911987,1.3121380264282227,1.2038373783111573,1.1084263687133789,1.1174650453567505,1.0169668287277223,0.9893641397476196,0.9752142776489258,0.9823852764129639,0.9306039224624634,0.8962214485168457
CIFAR,sigmoid,4,val_accuracy,0.3928,0.4609,0.5275,0.57,0.606,0.6093,0.6399,0.6491,0.6547,0.6537,0.6725,0.6863
CIFAR,tanh,4,loss,1.5866856931304931,1.1543334945297241,0.9830944154548645,0.8752633809280396,0.7907335391998291,0.7018629707336426,0.6431951819419861,0.5833600296020508,0.5246014449501037,0.46881485076904295,0.41684415788650514,0.3822333533477783
CIFAR,tanh,4,accuracy,0.42874,0.59078,0.65406,0.69384,0.7229,0.75644,0.7759,0.7976,0.81772,0.8384,0.85632,0.86918
CIFAR,tanh,4,val_loss,1.2444579917907714,1.1464049876213074,1.0431222229003907,0.9818421291351318,0.940166798210144,0.9415196070671081,0.9896618682861328,1.004310669708252,0.9267107791900635,0.9861341896057129,1.0224791786193848,1.0300937271118165
CIFAR,tanh,4,val_accuracy,0.5576,0.6058,0.6378,0.6589,0.6734,0.6787,0.6657,0.6693,0.6891,0.6773,0.6796,0.6837
CIFAR,linear,4,loss,20.616534114837645,2.323400041656494,1.655020361099243,1.361706565322876,1.1765107523345948,1.0743012850189209,0.9800190903472901,0.9152767747306824,0.8555594804000854,0.8017817095947266,0.7640499441146851,0.7363856727409362
CIFAR,linear,4,accuracy,0.3297,0.4617,0.52748,0.57638,0.61608,0.64194,0.67028,0.6896,0.70966,0.7281,0.73984,0.74914
CIFAR,linear,4,val_loss,2.9136039566040037,2.1580172821044923,1.8353177783966064,1.550244158935547,1.4818266010284424,1.4312320766448974,1.3658396377563478,1.3374324535369873,1.3116019546508788,1.3096989250183106,1.3669745143890382,1.426539881324768
CIFAR,linear,4,val_accuracy,0.4096,0.4618,0.4851,0.54,0.5471,0.545,0.5629,0.5717,0.5829,0.5963,0.5831,0.573
CIFAR,elu,4,loss,3.1039745037078856,1.3126291809082031,1.1552949240493775,1.0449221795272827,0.9542201961517334,0.8600785753250122,0.8026941517448425,0.7299791125488281,0.6580081359672546,0.6015678726387024,0.533342449836731,0.47265827548980716
CIFAR,elu,4,accuracy,0.359,0.52916,0.59104,0.63184,0.66468,0.69722,0.72114,0.74534,0.77314,0.7897,0.8129,0.83342
CIFAR,elu,4,val_loss,1.5154295457839966,1.2363327736854552,1.1940864688873292,1.1837812662124634,1.0603837188720704,1.0599978288650513,0.9810000806808472,0.9643668257713318,1.0242167455673217,0.9657278888702393,1.0298665371894837,1.0828516204833984
CIFAR,elu,4,val_accuracy,0.4562,0.5485,0.5823,0.5889,0.628,0.6354,0.6654,0.6757,0.6636,0.6828,0.6766,0.6678
CIFAR,exponential,4,loss,2.328965922470093,2.310740695953369,2.311731333770752,2.313023185272217,2.312800155105591,2.3132748505401612,2.3128938547515867,2.3123302255249025,2.3111321286010744,2.3139331299591066,2.3120957612609865,2.3115855211639404
CIFAR,exponential,4,accuracy,0.1002,0.1005,0.10034,0.0997,0.09854,0.09856,0.10122,0.09906,0.1013,0.10022,0.09954,0.09944
CIFAR,exponential,4,val_loss,2.3080156574249266,2.3098656185150146,2.3230130516052245,2.3097160736083984,2.306377520751953,2.3176750862121582,2.313225226211548,2.3092509078979493,2.3120879486083985,2.3128779296875,2.3120242584228516,2.3099528327941896
CIFAR,exponential,4,val_accuracy,0.1,0.1,0.1,0.1,0.1,0.1,0.1,0.1,0.1,0.1,0.1,0.1
